image: me5413_2d_map.pgm
resolution: 0.05
origin: [-2.603666, -5.819740, 0.0]
negate: 0
occupied_thresh: 0.65
free_thresh: 0.196
